326555 5.18347e+006 84.951
326552 5.18347e+006 86.771
326554 5.18347e+006 87.191
326551 5.18347e+006 87.061
326553 5.18347e+006 87.031
326548 5.18347e+006 85.141
326549 5.18347e+006 85.271
326553 5.18346e+006 85.241
326554 5.18346e+006 85.381
326554 5.18346e+006 85.421
326552 5.18346e+006 85.261
326554 5.18346e+006 85.451
326551 5.18346e+006 85.271
326551 5.18346e+006 85.411
326547 5.18347e+006 85.321
326552 5.18346e+006 85.471
326548 5.18346e+006 85.381
326553 5.18346e+006 85.481
326549 5.18346e+006 85.401
326554 5.18345e+006 85.511
326549 5.18346e+006 85.421
326555 5.18345e+006 85.561
326550 5.18346e+006 85.451
326551 5.18346e+006 85.461
326547 5.18346e+006 85.361
326551 5.18346e+006 85.481
326547 5.18346e+006 85.381
326548 5.18346e+006 85.421
326553 5.18345e+006 85.521
326549 5.18346e+006 85.431
326554 5.18345e+006 85.551
326549 5.18346e+006 85.451
326550 5.18346e+006 85.481
326547 5.18346e+006 85.401
326552 5.18345e+006 85.501
326547 5.18346e+006 85.421
326553 5.18345e+006 85.531
326548 5.18346e+006 85.451
326554 5.18345e+006 85.581
326549 5.18346e+006 85.471
326546 5.18346e+006 85.391
326550 5.18346e+006 85.491
326546 5.18346e+006 85.401
326551 5.18345e+006 85.501
326547 5.18346e+006 85.421
326552 5.18345e+006 85.531
326548 5.18346e+006 85.441
326540 5.18347e+006 85.201
326553 5.18345e+006 85.561
326548 5.18346e+006 85.471
326545 5.18346e+006 85.391
326554 5.18345e+006 85.581
326549 5.18346e+006 85.471
326541 5.18347e+006 85.211
326554 5.18345e+006 85.611
326550 5.18346e+006 85.471
326546 5.18346e+006 85.391
326554 5.18345e+006 85.601
326549 5.18346e+006 85.481
326546 5.18346e+006 85.401
326554 5.18345e+006 85.601
326549 5.18346e+006 85.481
326554 5.18345e+006 85.611
326549 5.18346e+006 85.471
326553 5.18345e+006 85.591
326549 5.18346e+006 85.471
326553 5.18345e+006 85.561
326548 5.18346e+006 85.451
326545 5.18346e+006 85.381
326552 5.18345e+006 85.551
326548 5.18346e+006 85.441
326544 5.18346e+006 85.381
326552 5.18345e+006 85.541
326547 5.18346e+006 85.431
326544 5.18346e+006 85.361
326551 5.18345e+006 85.521
326547 5.18346e+006 85.421
326544 5.18346e+006 85.341
326551 5.18345e+006 85.511
326546 5.18346e+006 85.421
326550 5.18345e+006 85.501
326554 5.18345e+006 85.621
326549 5.18345e+006 85.471
326553 5.18345e+006 85.601
326548 5.18345e+006 85.471
326547 5.18346e+006 85.441
326544 5.18346e+006 85.361
326551 5.18345e+006 85.531
326547 5.18346e+006 85.421
326543 5.18346e+006 85.351
326550 5.18345e+006 85.521
326546 5.18346e+006 85.411
326543 5.18346e+006 85.351
326545 5.18346e+006 85.401
326545 5.18346e+006 85.381
326553 5.18345e+006 85.611
326544 5.18346e+006 85.371
326547 5.18345e+006 85.451
326544 5.18346e+006 85.371
326547 5.18346e+006 85.431
